000000
000001
000002
000003
000004
000005
000006
000007
000008
000009
000010
000011
000012
000013
000014
000015
000016
000017
000018
000019
000020
000021
000022
000023
000024
000025
000026
000027
000028
000029
000030
000031
000032
000033
000034
000035
000036
000037
000038
000039
000040
000041
000042
000043
000044
000045
000046
000047
000048
000049
000050
000051
000052
000053
000054
000055
000056
000057
000058
000059
000060
000061
000062
000063
000064
000065
000066
000067
000068
000069
000070
000071
000072
000073
000074
000075
000076
000077
000078
000079
000080
000081
000082
000083
000084
000085
000086
000087
000088
000089
000090
000091
000092
000093
000094
000095
000096
000097
000098
000099
000100
000101
000102
000103
000104
000105
000106
000107
000108
000109
000110
000111
000112
000113
000114
000115
000116
000117
000118
000119
000120
000121
000122
000123
000124
000125
000126
000127
000128
000129
000130
000131
000132
000133
000134
000135
000136
000137
000138
000139
000140
000141
000142
000143
000144
000145
000146
000147
000148
000149
000150
000151
000152
000153
000154
000155
000156
000157
000158
000159
000160
000161
000162
000163
000164
000165
000166
000167
000168
000169
000170
000171
000172
000173
000174
000175
000176
000177
000178
000179
000180
000181
000182
000183
000184
000185
000186
000187
000188
000189
000190
000191
000192
000193
000194
000195
000196
000197
000198
000199
000200
000201
000202
000203
000204
000205
000206
000207
000208
000209
000210
000211
000212
000213
000214
000215
000216
000217
000218
000219
000220
000221
000222
000223
000224
000225
000226
000227
000228
000229
000230
000231
000232
000233
000234
000235
000236
000237
000238
000239
000240
000241
000242
000243
000244
000245
000246
000247
000248
000249
000250
000251
000252
000253
000254
000255
000256
000257
000258
000259
000260
000261
000262
000263
000264
000265
000266
000267
000268
000269
000270
000271
000272
000273
000274
000275
000276
000277
000278
000279
000280
000281
000282
000283
000284
000285
000286
000287
000288
000289
000290
000291
000292
000293
000294
000295
000296
000297
000298
000299
000300
000301
000302
000303
000304
000305
000306
000307
000308
000309
000310
000311
000312
000313
000314
000315
000316
000317
000318
000319
000320
000321
000322
000323
000324
000325
000326
000327
000328
000329
000330
000331
000332
000333
000334
000335
000336
000337
000338
000339
000340
000341
000342
000343
000344
000345
000346
000347
000348
000349
000350
000351
000352
000353
000354
000355
000356
000357
000358
000359
000360
000361
000362
000363
000364
000365
000366
000367
000368
000369
000370
000371
000372
000373
000374
000375
000376
000377
000378
000379
000380
000381
000382
000383
000384
000385
000386
000387
000388
000389
000390
000391
000392
000393
000394
000395
000396
000397
000398
000399
000400
000401
000402
000403
000404
000405
000406
000407
000408
000409
000410
000411
000412
000413
000414
000415
000416
000417
000418
000419
000420
000421
000422
000423
000424
000425
000426
000427
000428
000429
000430
000431
000432
000433
000434
000435
000436
000437
000438
000439
000440
000441
000442
000443
000444
000445
000446
000447
000448
000449
000450
000451
000452
000453
000454
000455
000456
000457
000458
000459
000460
000461
000462
000463
000464
000465
000466
000467
000468
000469
000470
000471
000472
000473
000474
000475
000476
000477
000478
000479
000480
000481
000482
000483
000484
000485
000486
000487
000488
000489
000490
000491
000492
000493
000494
000495
000496
000497
000498
000499
000500
000501
000502
000503
000504
000505
000506
000507
000508
000509
000510
000511
000512
000513
000514
000515
000516
000517
000518
000519
000520
000521
000522
000523
000524
000525
000526
000527
000528
000529
000530
000531
000532
000533
000534
000535
000536
000537
000538
000539
000540
000541
000542
000543
000544
000545
000546
000547
000548
000549
000550
000551
000552
000553
000554
000555
000556
000557
000558
000559
000560
000561
000562
000563
000564
000565
000566
000567
000568
000569
000570
000571
000572
000573
000574
000575
000576
000577
000578
000579
000580
000581
000582
000583
000584
000585
000586
000587
000588
000589
000590
000591
000592
000593
000594
000595
000596
000597
000598
000599
000600
000601
000602
000603
000604
000605
000606
000607
000608
000609
000610
000611
000612
000613
000614
000615
000616
000617
000618
000619
000620
000621
000622
000623
000624
000625
000626
000627
000628
000629
000630
000631
000632
000633
000634
000635
000636
000637
000638
000639
000640
000641
000642
000643
000644
000645
000646
000647
000648
000649
000650
000651
000652
000653
000654
000655
000656
000657
000658
000659
000660
000661
000662
000663
000664
000665
000666
000667
000668
000669
000670
000671
000672
000673
000674
000675
000676
000677
000678
000679
000680
000681
000682
000683
000684
000685
000686
000687
000688
000689
000690
000691
000692
000693
000694
000695
000696
000697
000698
000699
000700
000701
000702
000703
000704
000705
000706
000707
000708
000709
000710
000711
000712
000713
000714
000715
000716
000717
000718
000719
000720
000721
000722
000723
000724
000725
000726
000727
000728
000729
000730
000731
000732
000733
000734
000735
000736
000737
000738
000739
000740
000741
000742
000743
000744
000745
000746
000747
000748
000749
000750
000751
000752
000753
000754
000755
000756
000757
000758
000759
000760
000761
000762
000763
000764
000765
000766
000767
000768
000769
000770
000771
000772
000773
000774
000775
000776
000777
000778
000779
000780
000781
000782
000783
000784
000785
000786
000787
000788
000789
000790
000791
000792
000793
000794
000795
000796
000797
000798
000799
000800
000801
000802
000803
000804
000805
000806
000807
000808
000809
000810
000811
000812
000813
000814
000815
000816
000817
000818
000819
000820
000821
000822
000823
000824
000825
000826
000827
000828
000829
000830
000831
000832
000833
000834
000835
000836
000837
000838
000839
000840
000841
000842
000843
000844
000845
000846
000847
000848
000849
000850
000851
000852
000853
000854
000855
000856
000857
000858
000859
000860
000861
000862
000863
000864
000865
000866
000867
000868
000869
000870
000871
000872
000873
000874
000875
000876
000877
000878
000879
000880
000881
000882
000883
000884
000885
000886
000887
000888
000889
000890
000891
000892
000893
000894
000895
000896
000897
000898
000899
000900
000901
000902
000903
000904
000905
000906
000907
000908
000909
000910
000911
000912
000913
000914
000915
000916
000917
000918
000919
000920
000921
000922
000923
000924
000925
000926
000927
000928
000929
000930
000931
000932
000933
000934
000935
000936
000937
000938
000939
000940
000941
000942
000943
000944
000945
000946
000947
000948
000949
000950
000951
000952
000953
000954
000955
000956
000957
000958
000959
000960
000961
000962
000963
000964
000965
000966
000967
000968
000969
000970
000971
000972
000973
000974
000975
000976
000977
000978
000979
000980
000981
000982
000983
000984
000985
000986
000987
000988
000989
000990
000991
000992
000993
000994
000995
000996
000997
000998
000999
001000
001001
001002
001003
001004
001005
001006
001007
001008
001009
001010
001011
001012
001013
001014
001015
001016
001017
001018
001019
001020
001021
001022
001023
001024
001025
001026
001027
001028
001029
001030
001031
001032
001033
001034
001035
001036
001037
001038
001039
001040
001041
001042
001043
001044
001045
001046
001047
001048
001049
001050
001051
001052
001053
001054
001055
001056
001057
001058
001059
001060
001061
001062
001063
001064
001065
001066
001067
001068
001069
001070
001071
001072
001073
001074
001075
001076
001077
001078
001079
001080
001081
001082
001083
001084
001085
001086
001087
001088
001089
001090
001091
001092
001093
001094
001095
001096
001097
001098
001099
001100
001101
001102
001103
001104
001105
001106
001107
001108
001109
001110
001111
001112
001113
001114
001115
001116
001117
001118
001119
001120
001121
001122
001123
001124
001125
001126
001127
001128
001129
001130
001131
001132
001133
001134
001135
001136
001137
001138
001139
001140
001141
001142
001143
001144
001145
001146
001147
001148
001149
001150
001151
001152
001153
001154
001155
001156
001157
001158
001159
001160
001161
001162
001163
001164
001165
001166
001167
001168
001169
001170
001171
001172
001173
001174
001175
001176
001177
001178
001179
001180
001181
001182
001183
001184
001185
001186
001187
001188
001189
001190
001191
001192
001193
001194
001195
001196
001197
001198
001199
001200
001201
001202
001203
001204
001205
001206
001207
001208
001209
001210
001211
001212
001213
001214
001215
001216
001217
001218
001219
001220
001221
001222
001223
001224
001225
001226
001227
001228
001229
001230
001231
001232
001233
001234
001235
001236
001237
001238
001239
001240
001241
001242
001243
001244
001245
001246
001247
001248
001249
001250
001251
001252
001253
001254
001255
001256
001257
001258
001259
001260
001261
001262
001263
001264
001265
001266
001267
001268
001269
001270
001271
001272
001273
001274
001275
001276
001277
001278
001279
001280
001281
001282
001283
001284
001285
001286
001287
001288
001289
001290
001291
001292
001293
001294
001295
001296
001297
001298
001299
001300
001301
001302
001303
001304
001305
001306
001307
001308
001309
001310
001311
001312
001313
001314
001315
001316
001317
001318
001319
001320
001321
001322
001323
001324
001325
001326
001327
001328
001329
001330
001331
001332
001333
001334
001335
001336
001337
001338
001339
001340
001341
001342
001343
001344
001345
001346
001347
001348
001349
001350
001351
001352
001353
001354
001355
001356
001357
001358
001359
001360
001361
001362
001363
001364
001365
001366
001367
001368
001369
001370
001371
001372
001373
001374
001375
001376
001377
001378
001379
001380
001381
001382
001383
001384
001385
001386
001387
001388
001389
001390
001391
001392
001393
001394
001395
001396
001397
001398
001399
001400
001401
001402
001403
001404
001405
001406
001407
001408
001409
001410
001411
001412
001413
001414
001415
001416
001417
001418
001419
001420
001421
001422
001423
001424
001425
001426
001427
001428
001429
001430
001431
001432
001433
001434
001435
001436
001437
001438
001439
001440
001441
001442
001443
001444
001445
001446
001447
001448
001449
001450
001451
001452
001453
001454
001455
001456
001457
001458
001459
001460
001461
001462
001463
001464
001465
001466
001467
001468
001469
001470
001471
001472
001473
001474
001475
001476
001477
001478
001479
001480
001481
001482
001483
001484
001485
001486
001487
001488
001489
001490
001491
001492
001493
001494
001495
001496
001497
001498
001499
001500
001501
001502
001503
001504
001505
001506
001507
001508
001509
001510
001511
001512
001513
001514
001515
001516
001517
001518
001519
001520
001521
001522
001523
001524
001525
001526
001527
001528
001529
001530
001531
001532
001533
001534
001535
001536
001537
001538
001539
001540
001541
001542
001543
001544
001545
001546
001547
001548
001549
001550
001551
001552
001553
001554
001555
001556
001557
001558
001559
001560
001561
001562
001563
001564
001565
001566
001567
001568
001569
001570
001571
001572
001573
001574
001575
001576
001577
001578
001579
001580
001581
001582
001583
001584
001585
001586
001587
001588
001589
001590
001591
001592
001593
001594
001595
001596
001597
001598
001599
001600
001601
001602
001603
001604
001605
001606
001607
001608
001609
001610
001611
001612
001613
001614
001615
001616
001617
001618
001619
001620
001621
001622
001623
001624
001625
001626
001627
001628
001629
001630
001631
001632
001633
001634
001635
001636
001637
001638
001639
001640
001641
001642
001643
001644
001645
001646
001647
001648
001649
001650
001651
001652
001653
001654
001655
001656
001657
001658
001659
001660
001661
001662
001663
001664
001665
001666
001667
001668
001669
001670
001671
001672
001673
001674
001675
001676
001677
001678
001679
001680
001681
001682
001683
001684
001685
001686
001687
001688
001689
001690
001691
001692
001693
001694
001695
001696
001697
001698
001699
001700
001701
001702
001703
001704
001705
001706
001707
001708
001709
001710
001711
001712
001713
001714
001715
001716
001717
001718
001719
001720
001721
001722
001723
001724
001725
001726
001727
001728
001729
001730
001731
001732
001733
001734
001735
001736
001737
001738
001739
001740
001741
001742
001743
001744
001745
001746
001747
001748
001749
001750
001751
001752
001753
001754
001755
001756
001757
001758
001759
001760
001761
001762
001763
001764
001765
001766
001767
001768
001769
001770
001771
001772
001773
001774
001775
001776
001777
001778
001779
001780
001781
001782
001783
001784
001785
001786
001787
001788
001789
001790
001791
001792
001793
001794
001795
001796
001797
001798
001799
001800
001801
001802
001803
001804
001805
001806
001807
001808
001809
001810
001811
001812
001813
001814
001815
001816
001817
001818
001819
001820
001821
001822
001823
001824
001825
001826
001827
001828
001829
001830
001831
001832
001833
001834
001835
001836
001837
001838
001839
001840
001841
001842
001843
001844
001845
001846
001847
001848
001849
001850
001851
001852
001853
001854
001855
001856
001857
001858
001859
001860
001861
001862
001863
001864
001865
001866
001867
001868
001869
001870
001871
001872
001873
001874
001875
001876
001877
001878
001879
001880
001881
001882
001883
001884
001885
001886
001887
001888
001889
001890
001891
001892
001893
001894
001895
001896
001897
001898
001899
001900
001901
001902
001903
001904
001905
001906
001907
001908
001909
001910
001911
001912
001913
001914
001915
001916
001917
001918
001919
001920
001921
001922
001923
001924
001925
001926
001927
001928
001929
001930
001931
001932
001933
001934
001935
001936
001937
001938
001939
001940
001941
001942
001943
001944
001945
001946
001947
001948
001949
001950
001951
001952
001953
001954
001955
001956
001957
001958
001959
001960
001961
001962
001963
001964
001965
001966
001967
001968
001969
001970
001971
001972
001973
001974
001975
001976
001977
001978
001979
001980
001981
001982
001983
001984
001985
001986
001987
001988
001989
001990
001991
001992
001993
001994
001995
001996
001997
001998
001999
002000
002001
002002
002003
002004
002005
002006
002007
002008
002009
002010
002011
002012
002013
002014
002015
002016
002017
002018
002019
002020
002021
002022
002023
002024
002025
002026
002027
002028
002029
002030
002031
002032
002033
002034
002035
002036
002037
002038
002039
002040
002041
002042
002043
002044
002045
002046
002047
002048
002049
002050
002051
002052
002053
002054
002055
002056
002057
002058
002059
002060
002061
002062
002063
002064
002065
002066
002067
002068
002069
002070
002071
002072
002073
002074
002075
002076
002077
002078
002079
002080
002081
002082
002083
002084
002085
002086
002087
002088
002089
002090
002091
002092
002093
002094
002095
002096
002097
002098
002099
002100
002101
002102
002103
002104
002105
002106
002107
002108
002109
002110
002111
002112
002113
002114
002115
002116
002117
002118
002119
002120
002121
002122
002123
002124
002125
002126
002127
002128
002129
002130
002131
002132
002133
002134
002135
002136
002137
002138
002139
002140
002141
002142
002143
002144
002145
002146
002147
002148
002149
002150
002151
002152
002153
002154
002155
002156
002157
002158
002159
002160
002161
002162
002163
002164
002165
002166
002167
002168
002169
002170
002171
002172
002173
002174
002175
002176
002177
002178
002179
002180
002181
002182
002183
002184
002185
002186
002187
002188
002189
002190
002191
002192
002193
002194
002195
002196
002197
002198
002199
002200
002201
002202
002203
002204
002205
002206
002207
002208
002209
002210
002211
002212
002213
002214
002215
002216
002217
002218
002219
002220
002221
002222
002223
002224
002225
002226
002227
002228
002229
002230
002231
002232
002233
002234
002235
002236
002237
002238
002239
002240
002241
002242
002243
002244
002245
002246
002247
002248
002249
002250
002251
002252
002253
002254
002255
002256
002257
002258
002259
002260
002261
002262
002263
002264
002265
002266
002267
002268
002269
002270
002271
002272
002273
002274
002275
002276
002277
002278
002279
002280
002281
002282
002283
002284
002285
002286
002287
002288
002289
002290
002291
002292
002293
002294
002295
002296
002297
002298
002299
002300
002301
002302
002303
002304
002305
002306
002307
002308
002309
002310
002311
002312
002313
002314
002315
002316
002317
002318
002319
002320
002321
002322
002323
002324
002325
002326
002327
002328
002329
002330
002331
002332
002333
002334
002335
002336
002337
002338
002339
002340
002341
002342
002343
002344
002345
002346
002347
002348
002349
002350
002351
002352
002353
002354
002355
002356
002357
002358
002359
002360
002361
002362
002363
002364
002365
002366
002367
002368
002369
002370
002371
002372
002373
002374
002375
002376
002377
002378
002379
002380
002381
002382
002383
002384
002385
002386
002387
002388
002389
002390
002391
002392
002393
002394
002395
002396
002397
002398
002399
002400
002401
002402
002403
002404
002405
002406
002407
002408
002409
002410
002411
002412
002413
002414
002415
002416
002417
002418
002419
002420
002421
002422
002423
002424
002425
002426
002427
002428
002429
002430
002431
002432
002433
002434
002435
002436
002437
002438
002439
002440
002441
002442
002443
002444
002445
002446
002447
002448
002449
002450
002451
002452
002453
002454
002455
002456
002457
002458
002459
002460
002461
002462
002463
002464
002465
002466
002467
002468
002469
002470
002471
002472
002473
002474
002475
002476
002477
002478
002479
002480
002481
002482
002483
002484
002485
002486
002487
002488
002489
002490
002491
002492
002493
002494
002495
002496
002497
002498
002499
002500
002501
002502
002503
002504
002505
002506
002507
002508
002509
002510
002511
002512
002513
002514
002515
002516
002517
002518
002519
002520
002521
002522
002523
002524
002525
002526
002527
002528
002529
002530
002531
002532
002533
002534
002535
002536
002537
002538
002539
002540
002541
002542
002543
002544
002545
002546
002547
002548
002549
002550
002551
002552
002553
002554
002555
002556
002557
002558
002559
002560
002561
002562
002563
002564
002565
002566
002567
002568
002569
002570
002571
002572
002573
002574
002575
002576
002577
002578
002579
002580
002581
002582
002583
002584
002585
002586
002587
002588
002589
002590
002591
002592
002593
002594
002595
002596
002597
002598
002599
002600
002601
002602
002603
002604
002605
002606
002607
002608
002609
002610
002611
002612
002613
002614
002615
002616
002617
002618
002619
002620
002621
002622
002623
002624
002625
002626
002627
002628
002629
002630
002631
002632
002633
002634
002635
002636
002637
002638
002639
002640
002641
002642
002643
002644
002645
002646
002647
002648
002649
002650
002651
002652
002653
002654
002655
002656
002657
002658
002659
002660
002661
002662
002663
002664
002665
002666
002667
002668
002669
002670
002671
002672
002673
002674
002675
002676
002677
002678
002679
002680
002681
002682
002683
002684
002685
002686
002687
002688
002689
002690
002691
002692
002693
002694
002695
002696
002697
002698
002699
002700
002701
002702
002703
002704
002705
002706
002707
002708
002709
002710
002711
002712
002713
002714
002715
002716
002717
002718
002719
002720
002721
002722
002723
002724
002725
002726
002727
002728
002729
002730
002731
002732
002733
002734
002735
002736
002737
002738
002739
002740
002741
002742
002743
002744
002745
002746
002747
002748
002749
002750
002751
002752
002753
002754
002755
002756
002757
002758
002759
002760
002761
002762
002763
002764
002765
002766
002767
002768
002769
002770
002771
002772
002773
002774
002775
002776
002777
002778
002779
002780
002781
002782
002783
002784
002785
002786
002787
002788
002789
002790
002791
002792
002793
002794
002795
002796
002797
002798
002799
002800
002801
002802
002803
002804
002805
002806
002807
002808
002809
002810
002811
002812
002813
002814
002815
002816
002817
002818
002819
002820
002821
002822
002823
002824
002825
002826
002827
002828
002829
002830
002831
002832
002833
002834
002835
002836
002837
002838
002839
002840
002841
002842
002843
002844
002845
002846
002847
002848
002849
002850
002851
002852
002853
002854
002855
002856
002857
002858
002859
002860
002861
002862
002863
002864
002865
002866
002867
002868
002869
002870
002871
002872
002873
002874
002875
002876
002877
002878
002879
002880
002881
002882
002883
002884
002885
002886
002887
002888
002889
002890
002891
002892
002893
002894
002895
002896
002897
002898
002899
002900
002901
002902
002903
002904
002905
002906
002907
002908
002909
002910
002911
002912
002913
002914
002915
002916
002917
002918
002919
002920
002921
002922
002923
002924
002925
002926
002927
002928
002929
002930
002931
002932
002933
002934
002935
002936
002937
002938
002939
002940
002941
002942
002943
002944
002945
002946
002947
002948
002949
002950
002951
002952
002953
002954
002955
002956
002957
002958
002959
002960
002961
002962
002963
002964
002965
002966
002967
002968
002969
002970
002971
002972
002973
002974
002975
002976
002977
002978
002979
002980
002981
002982
002983
002984
002985
002986
002987
002988
002989
002990
002991
002992
002993
002994
002995
002996
002997
002998
002999
003000
003001
003002
003003
003004
003005
003006
003007
003008
003009
003010
003011
003012
003013
003014
003015
003016
003017
003018
003019
003020
003021
003022
003023
003024
003025
003026
003027
003028
003029
003030
003031
003032
003033
003034
003035
003036
003037
003038
003039
003040
003041
003042
003043
003044
003045
003046
003047
003048
003049
003050
003051
003052
003053
003054
003055
003056
003057
003058
003059
003060
003061
003062
003063
003064
003065
003066
003067
003068
003069
003070
003071
003072
003073
003074
003075
003076
003077
003078
003079
003080
003081
003082
003083
003084
003085
003086
003087
003088
003089
003090
003091
003092
003093
003094
003095
003096
003097
003098
003099
003100
003101
003102
003103
003104
003105
003106
003107
003108
003109
003110
003111
003112
003113
003114
003115
003116
003117
003118
003119
003120
003121
003122
003123
003124
003125
003126
003127
003128
003129
003130
003131
003132
003133
003134
003135
003136
003137
003138
003139
003140
003141
003142
003143
003144
003145
003146
003147
003148
003149
003150
003151
003152
003153
003154
003155
003156
003157
003158
003159
003160
003161
003162
003163
003164
003165
003166
003167
003168
003169
003170
003171
003172
003173
003174
003175
003176
003177
003178
003179
003180
003181
003182
003183
003184
003185
003186
003187
003188
003189
003190
003191
003192
003193
003194
003195
003196
003197
003198
003199
003200
003201
003202
003203
003204
003205
003206
003207
003208
003209
003210
003211
003212
003213
003214
003215
003216
003217
003218
003219
003220
003221
003222
003223
003224
003225
003226
003227
003228
003229
003230
003231
003232
003233
003234
003235
003236
003237
003238
003239
003240
003241
003242
003243
003244
003245
003246
003247
003248
003249
003250
003251
003252
003253
003254
003255
003256
003257
003258
003259
003260
003261
003262
003263
003264
003265
003266
003267
003268
003269
003270
003271
003272
003273
003274
003275
003276
003277
003278
003279
003280
003281
003282
003283
003284
003285
003286
003287
003288
003289
003290
003291
003292
003293
003294
003295
003296
003297
003298
003299
003300
003301
003302
003303
003304
003305
003306
003307
003308
003309
003310
003311
003312
003313
003314
003315
003316
003317
003318
003319
003320
003321
003322
003323
003324
003325
003326
003327
003328
003329
003330
003331
003332
003333
003334
003335
003336
003337
003338
003339
003340
003341
003342
003343
003344
003345
003346
003347
003348
003349
003350
003351
003352
003353
003354
003355
003356
003357
003358
003359
003360
003361
003362
003363
003364
003365
003366
003367
003368
003369
003370
003371
003372
003373
003374
003375
003376
003377
003378
003379
003380
003381
003382
003383
003384
003385
003386
003387
003388
003389
003390
003391
003392
003393
003394
003395
003396
003397
003398
003399
003400
003401
003402
003403
003404
003405
003406
003407
003408
003409
003410
003411
003412
003413
003414
003415
003416
003417
003418
003419
003420
003421
003422
003423
003424
003425
003426
003427
003428
003429
003430
003431
003432
003433
003434
003435
003436
003437
003438
003439
003440
003441
003442
003443
003444
003445
003446
003447
003448
003449
003450
003451
003452
003453
003454
003455
003456
003457
003458
003459
003460
003461
003462
003463
003464
003465
003466
003467
003468
003469
003470
003471
003472
003473
003474
003475
003476
003477
003478
003479
003480
003481
003482
003483
003484
003485
003486
003487
003488
003489
003490
003491
003492
003493
003494
003495
003496
003497
003498
003499
003500
003501
003502
003503
003504
003505
003506
003507
003508
003509
003510
003511
003512
003513
003514
003515
003516
003517
003518
003519
003520
003521
003522
003523
003524
003525
003526
003527
003528
003529
003530
003531
003532
003533
003534
003535
003536
003537
003538
003539
003540
003541
003542
003543
003544
003545
003546
003547
003548
003549
003550
003551
003552
003553
003554
003555
003556
003557
003558
003559
003560
003561
003562
003563
003564
003565
003566
003567
003568
003569
003570
003571
003572
003573
003574
003575
003576
003577
003578
003579
003580
003581
003582
003583
003584
003585
003586
003587
003588
003589
003590
003591
003592
003593
003594
003595
003596
003597
003598
003599
003600
003601
003602
003603
003604
003605
003606
003607
003608
003609
003610
003611
003612
003613
003614
003615
003616
003617
003618
003619
003620
003621
003622
003623
003624
003625
003626
003627
003628
003629
003630
003631
003632
003633
003634
003635
003636
003637
003638
003639
003640
003641
003642
003643
003644
003645
003646
003647
003648
003649
003650
003651
003652
003653
003654
003655
003656
003657
003658
003659
003660
003661
003662
003663
003664
003665
003666
003667
003668
003669
003670
003671
003672
003673
003674
003675
003676
003677
003678
003679
003680
003681
003682
003683
003684
003685
003686
003687
003688
003689
003690
003691
003692
003693
003694
003695
003696
003697
003698
003699
003700
003701
003702
003703
003704
003705
003706
003707
003708
003709
003710
003711
003712
003713
003714
003715
003716
003717
003718
003719
003720
003721
003722
003723
003724
003725
003726
003727
003728
003729
003730
003731
003732
003733
003734
003735
003736
003737
003738
003739
003740
